gene_symbol	index_x_variantsPerGene	index_x_tmpv	index_x_variantsPerGene	index_x_tmpv	index_x_variantsPerGene	index_x_tmpv	index_x_variantsPerGene	index_x_tmpv	index_x_variantsPerGene	index_x_tmpv
ADGRL1	1.0	1.0	0.0	0.0	0.0	0.0	0.0	1.0	1.0	0.0
AFTPH	1.0	0.0	1.0	1.0	1.0	1.0	0.0	0.0	0.0	1.0
AHR	1.0	0.0	1.0	1.0	1.0	1.0	0.0	0.0	0.0	1.0
AKT1	1.0	1.0	0.0	1.0	1.0	0.0	1.0	1.0	0.0	1.0
ANKRD11	1.0	0.0	1.0	1.0	1.0	1.0	0.0	0.0	0.0	1.0
ARID1A	1.0	1.0	3.0	1.0	1.0	2.0	2.0	1.0	2.0	2.0
ARID2	1.0	0.0	1.0	1.0	0.0	0.0	0.0	1.0	1.0	0.0
ASXL3	1.0	0.0	1.0	1.0	1.0	1.0	0.0	0.0	0.0	1.0
AUTS2	1.0	1.0	1.0	1.0	1.0	1.0	0.0	0.0	0.0	1.0
BCAR3	1.0	0.0	0.0	0.0	1.0	0.0	0.0	0.0	0.0	0.0
BDNF	1.0	0.0	1.0	1.0	1.0	1.0	0.0	0.0	0.0	1.0
BIRC6	2.0	2.0	1.0	0.0	1.0	1.0	1.0	1.0	2.0	1.0
BPTF	1.0	0.0	1.0	1.0	1.0	1.0	0.0	0.0	0.0	1.0
BRD4	2.0	0.0	1.0	1.0	2.0	1.0	0.0	0.0	0.0	1.0
BSG	1.0	0.0	0.0	0.0	1.0	0.0	0.0	0.0	0.0	0.0
BTF3	1.0	0.0	1.0	1.0	1.0	1.0	1.0	1.0	1.0	1.0
C15orf39	1.0	0.0	1.0	1.0	0.0	0.0	0.0	1.0	1.0	0.0
C2CD3	1.0	3.0	1.0	1.0	0.0	3.0	4.0	4.0	2.0	2.0
CACNA1I	1.0	0.0	1.0	1.0	0.0	0.0	0.0	1.0	1.0	0.0
CAPRIN1	1.0	0.0	1.0	1.0	0.0	0.0	0.0	1.0	1.0	0.0
CC2D2A	1.0	0.0	2.0	1.0	1.0	1.0	1.0	1.0	1.0	1.0
CHD7	2.0	2.0	1.0	1.0	2.0	2.0	1.0	1.0	0.0	1.0
CHD8	1.0	0.0	2.0	1.0	1.0	1.0	1.0	1.0	1.0	1.0
CNOT1	1.0	0.0	0.0	0.0	1.0	0.0	0.0	0.0	0.0	0.0
CNOT10	1.0	1.0	0.0	0.0	0.0	0.0	0.0	1.0	1.0	0.0
COL6A1	2.0	0.0	2.0	2.0	0.0	0.0	0.0	2.0	2.0	0.0
CREBBP	1.0	0.0	0.0	1.0	1.0	0.0	0.0	0.0	1.0	0.0
CUX2	1.0	0.0	1.0	1.0	1.0	1.0	0.0	0.0	0.0	1.0
DAB2IP	1.0	0.0	1.0	1.0	0.0	0.0	0.0	1.0	1.0	0.0
DCHS1	1.0	1.0	1.0	1.0	0.0	1.0	1.0	2.0	1.0	0.0
DDOST	1.0	0.0	1.0	1.0	0.0	0.0	0.0	1.0	1.0	0.0
DLC1	4.0	2.0	2.0	2.0	2.0	4.0	2.0	3.0	2.0	2.0
DLD	1.0	1.0	0.0	0.0	0.0	0.0	0.0	1.0	1.0	0.0
DLL4	1.0	0.0	0.0	0.0	1.0	0.0	0.0	0.0	0.0	0.0
EP300	1.0	3.0	1.0	2.0	0.0	1.0	2.0	3.0	1.0	1.0
EP400	1.0	0.0	0.0	0.0	1.0	0.0	0.0	0.0	0.0	0.0
EPHB1	1.0	0.0	1.0	1.0	0.0	1.0	1.0	2.0	1.0	0.0
EPRS1	1.0	0.0	2.0	1.0	2.0	2.0	1.0	0.0	0.0	2.0
EPS15L1	1.0	0.0	1.0	1.0	0.0	0.0	0.0	1.0	1.0	0.0
ERCC2	1.0	1.0	0.0	0.0	0.0	0.0	0.0	1.0	1.0	0.0
FANCM	4.0	1.0	4.0	3.0	3.0	4.0	1.0	1.0	1.0	4.0
FASN	1.0	1.0	0.0	1.0	1.0	1.0	2.0	2.0	0.0	1.0
FBLN1	1.0	1.0	0.0	0.0	0.0	0.0	0.0	1.0	1.0	0.0
FGFR1	3.0	2.0	2.0	2.0	1.0	1.0	0.0	2.0	2.0	1.0
FN1	1.0	0.0	1.0	1.0	1.0	1.0	0.0	0.0	0.0	1.0
GLMN	1.0	0.0	0.0	0.0	1.0	0.0	0.0	0.0	0.0	0.0
GTPBP4	1.0	1.0	0.0	0.0	0.0	0.0	0.0	1.0	1.0	0.0
HSPA4	1.0	1.0	0.0	0.0	0.0	0.0	0.0	1.0	1.0	0.0
IHH	1.0	1.0	0.0	0.0	0.0	0.0	0.0	1.0	1.0	0.0
IPO13	1.0	0.0	1.0	1.0	1.0	1.0	0.0	0.0	0.0	1.0
ITGA5	1.0	0.0	0.0	0.0	1.0	0.0	0.0	0.0	0.0	0.0
KDM6B	1.0	1.0	0.0	0.0	1.0	0.0	0.0	0.0	0.0	0.0
KMT2C	1.0	1.0	1.0	1.0	1.0	1.0	1.0	1.0	0.0	1.0
LAMA5	3.0	8.0	5.0	9.0	2.0	3.0	8.0	9.0	5.0	7.0
LGALS9C	1.0	0.0	1.0	1.0	0.0	0.0	0.0	1.0	1.0	0.0
LGR4	1.0	0.0	1.0	1.0	0.0	0.0	0.0	1.0	1.0	0.0
MACF1	1.0	0.0	0.0	0.0	1.0	0.0	0.0	0.0	0.0	0.0
MAP2K5	1.0	1.0	2.0	1.0	2.0	2.0	2.0	0.0	1.0	2.0
MED1	1.0	1.0	0.0	0.0	0.0	0.0	0.0	1.0	1.0	0.0
MED13	1.0	2.0	2.0	1.0	1.0	2.0	1.0	0.0	1.0	2.0
MYH10	1.0	0.0	0.0	0.0	1.0	0.0	0.0	0.0	0.0	0.0
MYH11	1.0	0.0	1.0	1.0	0.0	0.0	0.0	1.0	1.0	0.0
MYO7A	2.0	0.0	1.0	1.0	1.0	1.0	1.0	2.0	1.0	0.0
NAV2	1.0	1.0	1.0	0.0	2.0	1.0	1.0	0.0	0.0	1.0
NCAPD2	2.0	1.0	2.0	2.0	1.0	1.0	0.0	1.0	1.0	1.0
NOS3	1.0	0.0	0.0	0.0	1.0	0.0	0.0	0.0	0.0	0.0
NPAT	2.0	2.0	1.0	0.0	1.0	1.0	1.0	2.0	2.0	1.0
NRG1	1.0	1.0	1.0	1.0	1.0	1.0	0.0	1.0	1.0	1.0
NUP188	1.0	0.0	1.0	1.0	1.0	1.0	0.0	0.0	0.0	1.0
OLFM2	1.0	0.0	1.0	1.0	0.0	0.0	0.0	1.0	1.0	0.0
OTX2	1.0	0.0	1.0	1.0	1.0	1.0	0.0	0.0	0.0	1.0
PAF1	1.0	0.0	0.0	0.0	1.0	0.0	0.0	0.0	0.0	0.0
PALB2	3.0	3.0	0.0	0.0	0.0	0.0	0.0	3.0	3.0	0.0
PARD3	1.0	0.0	0.0	0.0	1.0	0.0	0.0	0.0	0.0	0.0
PAX5	1.0	0.0	1.0	1.0	0.0	0.0	0.0	1.0	1.0	0.0
PDZD2	1.0	1.0	1.0	1.0	0.0	1.0	1.0	1.0	1.0	1.0
PHIP	1.0	0.0	1.0	1.0	0.0	0.0	0.0	1.0	1.0	0.0
PICALM	1.0	0.0	1.0	1.0	0.0	0.0	0.0	1.0	1.0	0.0
PLXNA2	1.0	1.0	1.0	1.0	2.0	1.0	2.0	1.0	0.0	2.0
PNPT1	1.0	0.0	1.0	1.0	0.0	0.0	0.0	1.0	1.0	0.0
PTPRC	1.0	0.0	0.0	0.0	1.0	0.0	0.0	0.0	0.0	0.0
PTPRU	2.0	1.0	2.0	2.0	2.0	2.0	0.0	0.0	0.0	2.0
RABL6	1.0	0.0	2.0	1.0	1.0	1.0	1.0	1.0	1.0	1.0
RACK1	1.0	0.0	0.0	0.0	1.0	0.0	0.0	0.0	0.0	0.0
RANBP2	4.0	0.0	4.0	4.0	3.0	3.0	0.0	1.0	1.0	3.0
RASA1	1.0	0.0	0.0	0.0	1.0	0.0	0.0	0.0	0.0	0.0
RBM19	1.0	1.0	1.0	1.0	0.0	0.0	0.0	1.0	1.0	0.0
RBPJ	1.0	0.0	0.0	0.0	1.0	0.0	0.0	0.0	0.0	0.0
RELN	2.0	1.0	3.0	2.0	2.0	3.0	1.0	0.0	1.0	3.0
REV3L	1.0	0.0	0.0	0.0	1.0	0.0	0.0	0.0	0.0	0.0
RFX3	1.0	0.0	1.0	1.0	0.0	0.0	0.0	1.0	1.0	0.0
RIC8A	1.0	0.0	1.0	1.0	0.0	1.0	1.0	2.0	1.0	0.0
ROCK1	2.0	1.0	1.0	1.0	2.0	1.0	0.0	1.0	1.0	1.0
RPS6	1.0	0.0	1.0	1.0	0.0	0.0	0.0	1.0	1.0	0.0
RPTOR	1.0	1.0	0.0	0.0	0.0	0.0	0.0	1.0	1.0	0.0
RRN3	1.0	2.0	1.0	4.0	3.0	1.0	1.0	2.0	3.0	2.0
RYR3	1.0	0.0	1.0	1.0	0.0	0.0	0.0	1.0	1.0	0.0
SKI	2.0	2.0	2.0	1.0	1.0	1.0	1.0	1.0	2.0	1.0
SLC24A3	1.0	0.0	1.0	1.0	0.0	0.0	0.0	1.0	1.0	0.0
SNED1	1.0	0.0	1.0	1.0	1.0	1.0	0.0	0.0	0.0	1.0
SPINT1	1.0	0.0	1.0	1.0	1.0	1.0	0.0	0.0	0.0	1.0
SRGAP1	1.0	1.0	0.0	0.0	0.0	0.0	0.0	1.0	1.0	0.0
SUPT6H	1.0	1.0	0.0	0.0	0.0	2.0	2.0	3.0	1.0	0.0
TBX5	1.0	1.0	0.0	0.0	0.0	0.0	0.0	1.0	1.0	0.0
TCOF1	2.0	0.0	1.0	1.0	1.0	0.0	0.0	1.0	1.0	0.0
TDRD5	1.0	1.0	0.0	0.0	0.0	0.0	0.0	1.0	1.0	0.0
TENM2	1.0	0.0	1.0	2.0	2.0	1.0	0.0	0.0	1.0	1.0
TOP3A	1.0	0.0	1.0	1.0	1.0	1.0	0.0	0.0	0.0	1.0
TRRAP	2.0	2.0	1.0	1.0	1.0	1.0	0.0	1.0	1.0	1.0
TTBK1	1.0	0.0	1.0	1.0	1.0	1.0	0.0	0.0	0.0	1.0
TUBG1	1.0	0.0	0.0	0.0	1.0	0.0	0.0	0.0	0.0	0.0
UBR4	1.0	0.0	1.0	1.0	1.0	1.0	0.0	0.0	0.0	1.0
UTP25	1.0	1.0	1.0	1.0	0.0	0.0	0.0	1.0	1.0	0.0
WDR60	2.0	2.0	0.0	0.0	0.0	0.0	0.0	2.0	2.0	0.0
XKR6	1.0	0.0	0.0	0.0	1.0	0.0	0.0	0.0	0.0	0.0
ZFHX3	1.0	1.0	0.0	1.0	1.0	0.0	0.0	1.0	1.0	0.0
ZNF335	1.0	0.0	0.0	0.0	1.0	0.0	0.0	0.0	0.0	0.0
ABL1	0.0	1.0	0.0	1.0	0.0	0.0	1.0	1.0	0.0	1.0
AHI1	0.0	1.0	1.0	0.0	1.0	2.0	2.0	1.0	1.0	1.0
ALB	0.0	1.0	0.0	0.0	0.0	0.0	0.0	0.0	0.0	0.0
ANK2	0.0	1.0	0.0	0.0	0.0	0.0	0.0	0.0	0.0	0.0
ARFGEF3	0.0	1.0	0.0	1.0	0.0	0.0	1.0	1.0	0.0	1.0
ARHGEF12	0.0	1.0	0.0	1.0	0.0	0.0	1.0	1.0	0.0	1.0
ARNT	0.0	1.0	0.0	1.0	0.0	0.0	1.0	1.0	0.0	1.0
ATG13	0.0	1.0	1.0	0.0	0.0	1.0	1.0	0.0	1.0	1.0
BMP7	0.0	1.0	0.0	0.0	0.0	0.0	0.0	0.0	0.0	0.0
BRCA2	0.0	1.0	0.0	1.0	0.0	1.0	2.0	2.0	0.0	1.0
C16orf72	0.0	1.0	0.0	0.0	0.0	0.0	0.0	0.0	0.0	0.0
CAD	0.0	1.0	1.0	0.0	0.0	1.0	1.0	0.0	1.0	1.0
CDC6	0.0	1.0	0.0	0.0	0.0	0.0	0.0	0.0	0.0	0.0
COL1A1	0.0	1.0	0.0	1.0	0.0	0.0	1.0	1.0	0.0	1.0
COL2A1	0.0	1.0	0.0	1.0	1.0	0.0	0.0	0.0	1.0	0.0
COLEC12	0.0	1.0	0.0	0.0	0.0	0.0	0.0	0.0	0.0	0.0
COPS3	0.0	1.0	0.0	1.0	0.0	0.0	1.0	1.0	0.0	1.0
CUL9	0.0	1.0	0.0	1.0	0.0	0.0	1.0	1.0	0.0	1.0
DAAM2	0.0	1.0	0.0	1.0	0.0	0.0	1.0	1.0	0.0	1.0
DBN1	0.0	1.0	0.0	0.0	0.0	0.0	0.0	0.0	0.0	0.0
DNMT3A	0.0	1.0	1.0	0.0	0.0	1.0	1.0	0.0	1.0	1.0
DSG1	0.0	1.0	1.0	0.0	0.0	1.0	1.0	0.0	1.0	1.0
EPAS1	0.0	1.0	0.0	0.0	0.0	0.0	0.0	0.0	0.0	0.0
ERCC1	0.0	1.0	0.0	0.0	0.0	0.0	0.0	0.0	0.0	0.0
FBL	0.0	1.0	1.0	0.0	0.0	1.0	1.0	0.0	1.0	1.0
FLT1	0.0	1.0	0.0	0.0	0.0	0.0	0.0	0.0	0.0	0.0
FZD6	0.0	1.0	0.0	0.0	0.0	1.0	1.0	1.0	0.0	0.0
GDA	0.0	1.0	1.0	0.0	0.0	1.0	1.0	0.0	1.0	1.0
GMPS	0.0	1.0	0.0	0.0	0.0	0.0	0.0	0.0	0.0	0.0
HERC1	0.0	1.0	0.0	0.0	0.0	0.0	0.0	0.0	0.0	0.0
IFT122	0.0	1.0	1.0	1.0	1.0	1.0	2.0	1.0	0.0	2.0
IPPK	0.0	1.0	1.0	0.0	0.0	1.0	1.0	0.0	1.0	1.0
KIF13A	0.0	1.0	0.0	0.0	0.0	0.0	0.0	0.0	0.0	0.0
KIF14	0.0	2.0	2.0	2.0	3.0	2.0	2.0	2.0	1.0	2.0
KIFBP	0.0	1.0	1.0	0.0	0.0	1.0	1.0	0.0	1.0	1.0
LENG8	0.0	1.0	0.0	1.0	0.0	0.0	1.0	1.0	0.0	1.0
MAP2	0.0	1.0	0.0	1.0	0.0	0.0	1.0	1.0	0.0	1.0
MARF1	0.0	1.0	1.0	1.0	0.0	1.0	1.0	1.0	1.0	1.0
MCL1	0.0	1.0	1.0	0.0	0.0	1.0	1.0	0.0	1.0	1.0
MECOM	0.0	1.0	0.0	0.0	0.0	0.0	0.0	0.0	0.0	0.0
MSX1	0.0	1.0	0.0	0.0	0.0	0.0	0.0	0.0	0.0	0.0
NCAPH	0.0	1.0	0.0	0.0	0.0	0.0	0.0	0.0	0.0	0.0
NHLRC2	0.0	1.0	0.0	1.0	0.0	0.0	1.0	1.0	0.0	1.0
NIPSNAP1	0.0	1.0	1.0	0.0	0.0	1.0	1.0	0.0	1.0	1.0
NOTCH2	0.0	1.0	0.0	0.0	0.0	0.0	0.0	0.0	0.0	0.0
NPEPPS	0.0	1.0	1.0	0.0	0.0	1.0	1.0	0.0	1.0	1.0
PHF21A	0.0	1.0	1.0	0.0	0.0	1.0	1.0	0.0	1.0	1.0
PITPNM3	0.0	1.0	1.0	0.0	0.0	1.0	1.0	0.0	1.0	1.0
PLK4	0.0	1.0	0.0	0.0	0.0	0.0	0.0	0.0	0.0	0.0
PRPF19	0.0	1.0	0.0	1.0	0.0	0.0	1.0	1.0	0.0	1.0
RBM28	0.0	1.0	0.0	1.0	0.0	1.0	2.0	2.0	0.0	1.0
RCL1	0.0	1.0	1.0	0.0	0.0	1.0	1.0	0.0	1.0	1.0
SCRIB	0.0	1.0	1.0	0.0	1.0	1.0	1.0	0.0	0.0	1.0
SEPTIN8	0.0	1.0	1.0	0.0	0.0	1.0	1.0	0.0	1.0	1.0
SMO	0.0	2.0	0.0	0.0	0.0	1.0	1.0	1.0	0.0	0.0
SPAG5	0.0	1.0	1.0	0.0	0.0	1.0	1.0	0.0	1.0	1.0
TFRC	0.0	1.0	1.0	0.0	0.0	1.0	1.0	0.0	1.0	1.0
TIMELESS	0.0	1.0	0.0	0.0	0.0	0.0	0.0	0.0	0.0	0.0
TLE1	0.0	1.0	0.0	0.0	0.0	0.0	0.0	0.0	0.0	0.0
TMEM131	0.0	1.0	0.0	0.0	0.0	1.0	1.0	1.0	0.0	0.0
TRIM28	0.0	1.0	0.0	0.0	0.0	0.0	0.0	0.0	0.0	0.0
TSC2	0.0	1.0	0.0	1.0	1.0	0.0	0.0	0.0	1.0	0.0
WDPCP	0.0	1.0	0.0	2.0	1.0	0.0	1.0	1.0	1.0	1.0
ZC3H6	0.0	1.0	0.0	0.0	0.0	0.0	0.0	0.0	0.0	0.0
ZFP91	0.0	1.0	1.0	0.0	0.0	1.0	1.0	0.0	1.0	1.0
ZMIZ1	0.0	1.0	1.0	0.0	0.0	2.0	2.0	1.0	1.0	1.0
ABI2	0.0	0.0	1.0	0.0	1.0	1.0	1.0	0.0	0.0	1.0
APC2	0.0	0.0	1.0	0.0	1.0	1.0	1.0	0.0	0.0	1.0
BCR	0.0	0.0	1.0	1.0	2.0	2.0	2.0	1.0	1.0	1.0
C2orf49	0.0	0.0	1.0	0.0	1.0	1.0	1.0	0.0	0.0	1.0
CDAN1	0.0	0.0	1.0	0.0	1.0	1.0	1.0	0.0	0.0	1.0
CERT1	0.0	0.0	1.0	0.0	1.0	1.0	1.0	0.0	0.0	1.0
CLIP1	0.0	0.0	1.0	0.0	1.0	1.0	1.0	0.0	0.0	1.0
DCC	0.0	0.0	1.0	0.0	1.0	1.0	1.0	0.0	0.0	1.0
DSP	0.0	0.0	1.0	1.0	1.0	1.0	1.0	0.0	1.0	1.0
E4F1	0.0	0.0	1.0	0.0	1.0	1.0	1.0	0.0	0.0	1.0
EXOC4	0.0	0.0	1.0	0.0	1.0	1.0	1.0	0.0	0.0	1.0
GGA1	0.0	0.0	1.0	0.0	1.0	1.0	1.0	0.0	0.0	1.0
HOXC6	0.0	0.0	1.0	0.0	1.0	1.0	1.0	0.0	0.0	1.0
LIF	0.0	0.0	1.0	0.0	1.0	1.0	1.0	0.0	0.0	1.0
MMP14	0.0	0.0	1.0	0.0	1.0	1.0	1.0	0.0	0.0	1.0
NASP	0.0	0.0	3.0	0.0	3.0	3.0	3.0	0.0	0.0	3.0
NRP1	0.0	0.0	1.0	0.0	1.0	1.0	1.0	0.0	0.0	1.0
RANBP10	0.0	0.0	1.0	0.0	1.0	1.0	1.0	0.0	0.0	1.0
SETD1A	0.0	0.0	1.0	0.0	1.0	1.0	1.0	0.0	0.0	1.0
SNX13	0.0	0.0	1.0	0.0	1.0	1.0	1.0	1.0	0.0	1.0
TBL1XR1	0.0	0.0	1.0	0.0	1.0	1.0	1.0	0.0	0.0	1.0
UTP4	0.0	0.0	1.0	0.0	1.0	1.0	1.0	0.0	0.0	1.0
ACHE	0.0	0.0	0.0	1.0	1.0	0.0	0.0	0.0	1.0	0.0
BAZ2B	0.0	0.0	0.0	1.0	1.0	0.0	0.0	0.0	1.0	0.0
BMP4	0.0	0.0	0.0	1.0	1.0	0.0	0.0	0.0	1.0	0.0
EPHB2	0.0	0.0	0.0	1.0	1.0	0.0	0.0	0.0	1.0	0.0
FHOD3	0.0	0.0	0.0	1.0	1.0	0.0	0.0	0.0	1.0	0.0
HDAC7	0.0	0.0	0.0	1.0	1.0	0.0	0.0	0.0	1.0	0.0
KIF20B	0.0	0.0	0.0	1.0	1.0	0.0	0.0	0.0	1.0	0.0
NCAPG2	0.0	0.0	0.0	1.0	1.0	0.0	0.0	0.0	1.0	0.0
PSMC4	0.0	0.0	0.0	1.0	1.0	0.0	0.0	0.0	1.0	0.0
RARA	0.0	0.0	0.0	1.0	1.0	0.0	0.0	0.0	1.0	0.0
SALL1	0.0	0.0	0.0	1.0	1.0	1.0	1.0	1.0	1.0	0.0
SETD2	0.0	0.0	0.0	1.0	1.0	0.0	0.0	0.0	1.0	0.0
SP3	0.0	0.0	0.0	1.0	1.0	0.0	0.0	0.0	1.0	0.0
SPR	0.0	0.0	0.0	1.0	1.0	0.0	0.0	0.0	1.0	0.0
TAB1	0.0	0.0	0.0	1.0	1.0	0.0	0.0	0.0	1.0	0.0
WDR7	0.0	0.0	0.0	1.0	1.0	0.0	0.0	0.0	1.0	0.0
WNT5A	0.0	0.0	0.0	1.0	1.0	0.0	0.0	0.0	1.0	0.0
YAP1	0.0	0.0	0.0	1.0	1.0	0.0	0.0	0.0	1.0	0.0
ZC3H13	0.0	0.0	0.0	1.0	1.0	0.0	0.0	0.0	1.0	0.0
ANK1	0.0	0.0	0.0	0.0	0.0	1.0	1.0	1.0	0.0	0.0
ANKIB1	0.0	0.0	0.0	0.0	0.0	1.0	1.0	1.0	0.0	0.0
AP3B1	0.0	0.0	0.0	0.0	0.0	1.0	1.0	1.0	0.0	0.0
BACE2	0.0	0.0	0.0	0.0	0.0	1.0	1.0	1.0	0.0	0.0
CARS1	0.0	0.0	0.0	0.0	0.0	1.0	1.0	1.0	0.0	0.0
CCNB1	0.0	0.0	0.0	0.0	0.0	1.0	1.0	1.0	0.0	0.0
DHX35	0.0	0.0	0.0	0.0	0.0	1.0	1.0	1.0	0.0	0.0
HGF	0.0	0.0	0.0	0.0	0.0	1.0	1.0	1.0	0.0	0.0
HMX3	0.0	0.0	0.0	0.0	0.0	1.0	1.0	1.0	0.0	0.0
IL6ST	0.0	0.0	0.0	0.0	0.0	1.0	1.0	1.0	0.0	0.0
KDM2B	0.0	0.0	0.0	0.0	0.0	1.0	1.0	1.0	0.0	0.0
LIG4	0.0	0.0	0.0	0.0	0.0	1.0	1.0	1.0	0.0	0.0
NOL4L	0.0	0.0	0.0	0.0	0.0	1.0	1.0	1.0	0.0	0.0
NR2F2	0.0	0.0	0.0	0.0	0.0	1.0	1.0	1.0	0.0	0.0
PCNX1	0.0	0.0	0.0	0.0	0.0	1.0	1.0	1.0	0.0	0.0
PKN2	0.0	0.0	0.0	0.0	0.0	1.0	1.0	1.0	0.0	0.0
PRKAR1A	0.0	0.0	0.0	0.0	0.0	1.0	1.0	1.0	0.0	0.0
PSMC3	0.0	0.0	0.0	0.0	0.0	1.0	1.0	1.0	0.0	0.0
PTEN	0.0	0.0	0.0	0.0	0.0	1.0	1.0	1.0	0.0	0.0
RLF	0.0	0.0	0.0	0.0	0.0	1.0	1.0	1.0	0.0	0.0
SOX4	0.0	0.0	0.0	0.0	0.0	1.0	1.0	1.0	0.0	0.0
SYNPO	0.0	0.0	0.0	0.0	0.0	1.0	1.0	1.0	0.0	0.0
TBX3	0.0	0.0	0.0	0.0	0.0	1.0	1.0	1.0	0.0	0.0
TRMT12	0.0	0.0	0.0	0.0	0.0	1.0	1.0	1.0	0.0	0.0
